    187       1  1.33862
    189       1  1.36862
    169       1  1.41462
    296       1  1.42408
    200       1  1.45718
    210       1  1.4776
    102       1  1.48403
     67       1  1.49206
    203       1  1.50695
     65       1  1.50817
      4       1  1.50853
    101       1  1.50869
      3       2  1.00657
      9       2  1.25961
     13       2  1.2883
    295       2  1.37425
    100       2  1.38912
    260       2  1.39189
    283       2  1.39248
    263       2  1.40259
      8       2  1.44821
    101       2  1.46146
     95       2  1.48099
    196       2  1.48295
      4       3  0.99194
      2       3  1.00657
      9       3  1.15542
     13       3  1.37825
    283       3  1.38281
    180       3  1.38436
    194       3  1.38898
    307       3  1.39328
    101       3  1.40555
    188       3  1.43623
    183       3  1.43633
      8       3  1.43957
      3       4  0.99194
      6       4  1.14401
      5       4  1.37469
    101       4  1.3773
    188       4  1.40173
    103       4  1.41781
    296       4  1.42141
    199       4  1.42365
    200       4  1.44008
    284       4  1.45787
    281       4  1.46149
    180       4  1.47981
      6       5  0.948947
    176       5  1.27622
    201       5  1.36721
      4       5  1.37469
    293       5  1.41573
    190       5  1.4358
    274       5  1.46174
    267       5  1.50009
    261       5  1.5288
     96       5  1.5315
    241       5  1.55219
    268       5  1.55354
      5       6  0.948947
      4       6  1.14401
    305       6  1.18919
    261       6  1.2007
    176       6  1.2552
    293       6  1.25916
     82       6  1.27834
    106       6  1.29199
    201       6  1.31344
    218       6  1.31641
    279       6  1.36384
    268       6  1.36625
    191       7  0.985539
    304       7  1.13095
    170       7  1.13946
    257       7  1.30751
    271       7  1.32781
    275       7  1.38405
      8       7  1.40341
    258       7  1.40716
    272       7  1.44729
    290       7  1.49882
    193       7  1.51078
    183       7  1.55172
      9       8  0.790991
    277       8  0.917421
    211       8  0.941454
    177       8  0.949433
    171       8  0.950291
    271       8  0.951294
    257       8  0.968389
     13       8  0.974121
    259       8  0.990963
    212       8  1.00472
    214       8  1.03462
    295       8  1.04572
      8       9  0.790991
    307       9  0.970618
    279       9  0.977879
    283       9  0.980133
    194       9  1.01
     13       9  1.0399
    213       9  1.06499
    217       9  1.07062
    277       9  1.07946
    196       9  1.08967
    263       9  1.09831
    211       9  1.10898
    181      10  0.857363
    280      10  0.907163
    259      10  1.05886
    207      10  1.15091
    215      10  1.17327
    276      10  1.21196
    295      10  1.23094
    260      10  1.28117
    186      10  1.37733
    197      10  1.38335
    270      10  1.38982
      8      10  1.39786
    273      11  0.873287
    292      11  1.01031
    302      11  1.03571
    182      11  1.10283
    193      11  1.10793
    298      11  1.13096
    286      11  1.13662
    282      11  1.20059
    311      11  1.25909
    301      11  1.26633
    259      11  1.27254
    260      11  1.28752
    268      12  1.21163
    293      12  1.22266
    192      12  1.28495
     96      12  1.29217
    106      12  1.34123
     88      12  1.365
     81      12  1.41021
    306      12  1.43883
    197      12  1.43961
    201      12  1.44483
    279      12  1.47795
    184      12  1.51933
    295      13  0.647688
    260      13  0.650555
    212      13  0.746778
    283      13  0.768047
    211      13  0.790301
    264      13  0.836508
    263      13  0.854308
    259      13  0.890723
    215      13  0.892344
    307      13  0.963693
    308      13  0.97099
      8      13  0.974121
     93      14  1.31919
    273      14  1.32908
    404      14  1.378
    253      14  1.42026
     11      14  1.46351
     85      14  1.47218
    403      14  1.49025
    301      14  1.56394
    282      14  1.5753
    173      14  1.66121
    225      14  1.69104
    302      14  1.71824
    107      15  1.11882
     70      15  1.15814
    262      15  1.18932
     78      15  1.21345
    109      15  1.25
    240      15  1.25728
     68      15  1.28389
    203      15  1.331
     57      15  1.34729
    189      15  1.37699
     51      15  1.39323
    219      15  1.39522
    121      16  0.88624
     40      16  0.982187
    179      16  1.07321
   1281      16  1.17259
     96      16  1.2461
    106      16  1.27029
    176      16  1.34676
     64      16  1.3597
    152      16  1.38987
     63      16  1.42923
    293      16  1.43136
    201      16  1.454
     59      17  0.91815
    101      17  0.931445
     65      17  0.971837
     72      17  0.981842
     67      17  0.99014
     73      17  1.0193
     75      17  1.06935
     68      17  1.06968
     66      17  1.08968
     57      17  1.09816
    140      17  1.12967
     34      17  1.13354
     41      18  0.81496
     42      18  0.863208
     34      18  0.909271
    140      18  1.08448
     20      18  1.09877
     44      18  1.25236
     46      18  1.26172
     45      18  1.27746
     17      18  1.28154
    151      18  1.332
     65      18  1.36268
     78      18  1.37483
     21      19  0.979513
     43      19  1.03218
     44      19  1.13135
     42      19  1.32761
     46      19  1.367
     34      19  1.40747
    140      19  1.42377
     20      19  1.429
     18      19  1.53011
     41      19  1.55403
     31      19  1.56155
     22      19  1.67421
     42      20  1.04369
     31      20  1.07244
     18      20  1.09877
     21      20  1.22588
     41      20  1.29776
     44      20  1.30564
     34      20  1.42139
     19      20  1.429
     43      20  1.44967
     45      20  1.55779
    140      20  1.55864
     30      20  1.63215
     44      21  0.957883
     19      21  0.979513
     43      21  1.07238
     20      21  1.22588
     30      21  1.33042
     42      21  1.34288
     34      21  1.34753
     18      21  1.46181
    140      21  1.46643
     22      21  1.4955
     46      21  1.52203
     41      21  1.58169
     43      22  1.1244
     30      22  1.12868
     34      22  1.18052
     32      22  1.18496
     33      22  1.23965
     44      22  1.26481
     74      22  1.30043
     77      22  1.40136
   1694      22  1.46069
     42      22  1.46424
     21      22  1.4955
   1620      22  1.50963
     79      23  1.28653
     40      23  1.45008
    107      23  1.56231
     56      23  1.58086
     66      23  1.59533
   1284      23  1.62603
    140      23  1.65858
     72      23  1.66383
     73      23  1.66812
     68      23  1.67349
     16      23  1.67725
    109      23  1.7019
     39      24  1.19543
    220      24  1.43678
    298      24  1.44765
    278      24  1.46388
    248      24  1.51278
    301      24  1.51674
     36      24  1.54224
    288      24  1.54267
    302      24  1.55697
    287      24  1.58719
    273      24  1.61605
    286      24  1.6218
    451      25  1.72192
    565      25  1.77776
    456      25  1.78075
     26      25  1.82099
     37      25  1.88997
     27      25  1.97519
    568      25  1.97974
    450      25  1.98871
    453      25  1.99782
     38      25  2.03517
     24      25  2.11374
    200      25  2.16269
     27      26  1.02291
    454      26  1.72082
     25      26  1.82099
    456      26  1.92845
    458      26  1.97141
    457      26  2.00776
    561      26  2.05965
    560      26  2.06967
    566      26  2.09206
     24      26  2.1407
    455      26  2.18857
    453      26  2.21047
     26      27  1.02291
    454      27  1.62351
    457      27  1.71828
    456      27  1.76778
    458      27  1.82882
    561      27  1.85254
    455      27  1.89423
    560      27  1.92835
    566      27  1.93685
    562      27  1.94811
     25      27  1.97519
     24      27  1.98583
    305      28  1.70177
    261      28  2.01244
    279      28  2.03724
    267      28  2.06613
    244      28  2.09224
    268      28  2.12242
     76      28  2.12532
     82      28  2.13214
     50      28  2.14407
    306      28  2.15046
    218      28  2.15401
   1275      28  2.18258
     47      29  1.09015
     58      29  1.21957
     83      29  1.33182
     48      29  1.39111
     92      29  1.4104
    105      29  1.41179
     54      29  1.52946
     98      29  1.56285
    151      29  1.56548
    100      29  1.57145
     77      29  1.57365
     55      29  1.59327
     44      30  1.11205
     22      30  1.12868
     34      30  1.13631
     43      30  1.28721
     21      30  1.33042
     32      30  1.34595
     42      30  1.35878
     33      30  1.48232
     41      30  1.49092
     18      30  1.52142
     20      30  1.63215
     17      30  1.64469
     20      31  1.07244
     42      31  1.1029
     41      31  1.28801
     18      31  1.38537
     45      31  1.45773
     34      31  1.51586
     44      31  1.55367
     19      31  1.56155
     46      31  1.57152
     43      31  1.6239
     21      31  1.6636
    140      31  1.69588
     33      32  0.734172
     43      32  1.11791
     22      32  1.18496
     30      32  1.34595
     44      32  1.35967
     42      32  1.56159
     34      32  1.58613
   1620      32  1.6085
   1621      32  1.62671
     21      32  1.64845
   1694      32  1.67721
     20      32  1.67778
     32      33  0.734172
     22      33  1.23965
     43      33  1.42156
     30      33  1.48232
     44      33  1.54388
   1621      33  1.55172
     47      33  1.56582
   1620      33  1.57609
     34      33  1.63159
   1695      33  1.65435
   1619      33  1.65794
   1694      33  1.66247
     41      34  0.779041
     42      34  0.784951
     18      34  0.909271
     44      34  0.938395
     46      34  0.965638
     43      34  1.12519
     17      34  1.13354
     30      34  1.13631
    140      34  1.15149
     22      34  1.18052
     45      34  1.27093
     59      34  1.31502
     50      35  1.07306
     61      35  1.12581
     81      35  1.18423
     96      35  1.35907
    106      35  1.37357
     58      35  1.4047
     88      35  1.40915
    165      35  1.41123
    192      35  1.43714
     65      35  1.46162
     52      35  1.46692
    151      35  1.46929
     39      36  0.919004
     55      36  1.07216
     54      36  1.09125
     53      36  1.2503
    287      36  1.25504
    288      36  1.25624
    285      36  1.27613
    299      36  1.28297
    278      36  1.34914
    298      36  1.3583
    292      36  1.37258
   1289      36  1.37931
    246      37  1.27929
    213      37  1.33617
    239      37  1.33815
    249      37  1.36234
    194      37  1.38
    294      37  1.40081
    284      37  1.41136
    247      37  1.42141
    258      37  1.4468
    205      37  1.48483
    199      37  1.4947
    307      37  1.50454
    201      38  1.35621
    293      38  1.41709
    261      38  1.45902
    240      38  1.4591
    241      38  1.46904
     37      38  1.51115
    243      38  1.5122
    203      38  1.51428
    176      38  1.52024
    222      38  1.56179
    279      38  1.5963
    268      38  1.60342
     36      39  0.919004
    220      39  1.11734
    287      39  1.11874
    288      39  1.12135
    278      39  1.18322
     54      39  1.1844
     24      39  1.19543
     55      39  1.26315
    286      39  1.33424
    298      39  1.34787
    208      39  1.38166
    206      39  1.38925
     16      40  0.982187
    121      40  1.03346
     51      40  1.15668
   1281      40  1.26332
     63      40  1.2813
     64      40  1.28766
    179      40  1.28883
     96      40  1.31103
    106      40  1.34286
    176      40  1.34718
    152      40  1.37025
     62      40  1.38785
     42      41  0.663116
     34      41  0.779041
     18      41  0.81496
    140      41  1.06491
     46      41  1.2607
     44      41  1.28214
     31      41  1.28801
     20      41  1.29776
     78      41  1.33172
     84      41  1.348
     17      41  1.35482
     65      41  1.3774
     41      42  0.663116
     34      42  0.784951
     18      42  0.863208
     44      42  0.917035
     20      42  1.04369
     43      42  1.05654
     46      42  1.10128
     31      42  1.1029
     45      42  1.19589
    140      42  1.29763
     19      42  1.32761
     21      42  1.34288
     44      43  0.673654
     19      43  1.03218
     42      43  1.05654
     21      43  1.07238
     32      43  1.11791
     22      43  1.1244
     34      43  1.12519
     30      43  1.28721
     46      43  1.29966
     41      43  1.37935
     33      43  1.42156
     20      43  1.44967
     43      44  0.673654
     42      44  0.917035
     34      44  0.938395
     21      44  0.957883
     46      44  1.04286
     30      44  1.11205
     19      44  1.13135
     18      44  1.25236
     22      44  1.26481
     41      44  1.28214
     45      44  1.29407
     20      44  1.30564
     46      45  0.90829
     42      45  1.19589
     34      45  1.27093
     18      45  1.27746
     44      45  1.29407
     41      45  1.40239
     31      45  1.45773
     35      45  1.51583
     47      45  1.55018
     20      45  1.55779
    151      45  1.56624
     43      45  1.57577
     45      46  0.90829
     34      46  0.965638
     44      46  1.04286
     42      46  1.10128
     41      46  1.2607
     18      46  1.26172
     59      46  1.2863
     43      46  1.29966
     17      46  1.33865
     19      46  1.367
     61      46  1.39392
    140      46  1.42539
     58      47  0.907256
     83      47  1.05584
     29      47  1.09015
    151      47  1.10688
     92      47  1.17447
     77      47  1.33081
     98      47  1.33116
     69      47  1.33684
     48      47  1.35455
    100      47  1.37411
     99      47  1.38048
     91      47  1.42642
     58      48  1.11093
    181      48  1.19764
   1533      48  1.20936
     83      48  1.22448
     90      48  1.32075
    165      48  1.34658
     47      48  1.35455
   1691      48  1.35996
     92      48  1.38971
     29      48  1.39111
     98      48  1.41063
    164      48  1.42063
    103      49  0.942809
     73      49  1.00525
     66      49  1.02397
     72      49  1.08842
   1285      49  1.14374
    107      49  1.23328
    180      49  1.23761
    246      49  1.27701
    249      49  1.29048
     57      49  1.33146
    294      49  1.33625
   1290      49  1.37664
     81      50  0.923544
     61      50  0.925847
    192      50  0.993117
    106      50  1.01021
     35      50  1.07306
    184      50  1.08912
    279      50  1.14924
     96      50  1.15757
     52      50  1.16106
    306      50  1.16111
     88      50  1.24614
    293      50  1.27263
     63      51  0.917236
     52      51  0.936278
    109      51  0.944276
     56      51  0.968731
     94      51  0.992916
    111      51  1.00864
     78      51  1.06686
     68      51  1.08549
     84      51  1.09239
     64      51  1.13468
     67      51  1.13543
     40      51  1.15668
     97      52  0.843466
     94      52  0.902719
     75      52  0.91892
     51      52  0.936278
    178      52  0.941299
    188      52  0.958276
     63      52  1.00094
     95      52  1.00319
    180      52  1.00476
    174      52  1.00589
    300      52  1.03222
     69      52  1.03658
    182      53  0.798461
    104      53  0.82018
    175      53  0.937911
    168      53  0.989689
     55      53  1.01249
     99      53  1.01845
     74      53  1.04074
     54      53  1.081
     75      53  1.09726
     98      53  1.1175
    174      53  1.12142
     77      53  1.14007
     55      54  0.33673
    166      54  0.672809
     77      54  0.783009
    298      54  0.994518
    288      54  1.00883
     74      54  1.01188
    287      54  1.01983
    278      54  1.02393
     80      54  1.04675
    286      54  1.05414
    110      54  1.06162
     53      54  1.081
     54      55  0.33673
     77      55  0.704181
    166      55  0.732211
     74      55  0.880879
    110      55  0.988375
     53      55  1.01249
     36      55  1.07216
    287      55  1.08705
     80      55  1.09263
    288      55  1.09414
     58      55  1.09882
    182      55  1.14808
     51      56  0.968731
     97      56  1.03289
     94      56  1.0396
     66      56  1.06522
     68      56  1.08812
     63      56  1.11335
     72      56  1.11479
    109      56  1.1291
   1284      56  1.14324
     73      56  1.1447
    107      56  1.16098
     52      56  1.1695
     60      57  0.648483
     59      57  0.893662
     70      57  0.924834
     68      57  0.931189
    107      57  0.967396
     66      57  0.995059
     72      57  1.03119
     73      57  1.05441
    103      57  1.0619
     17      57  1.09816
    102      57  1.10865
     78      57  1.13523
    100      58  0.713898
     92      58  0.720342
     69      58  0.836288
     83      58  0.870191
    151      58  0.874026
     47      58  0.907256
     98      58  0.944243
     75      58  0.947317
     77      58  0.95527
     99      58  0.975013
    165      58  0.994781
     91      58  0.99621
     57      59  0.893662
     17      59  0.91815
     67      59  1.00137
     65      59  1.01495
     68      59  1.01916
     60      59  1.03336
    101      59  1.03954
     72      59  1.06915
     70      59  1.08369
     73      59  1.11394
     66      59  1.12002
     78      59  1.14551
     57      60  0.648483
     70      60  0.928609
     59      60  1.03336
     68      60  1.10164
    107      60  1.11018
    102      60  1.16068
     66      60  1.16272
     72      60  1.18571
     78      60  1.19713
     73      60  1.2033
     17      60  1.21371
    140      60  1.22065
     81      61  0.821557
     50      61  0.925847
    106      61  1.06669
     35      61  1.12581
     95      61  1.16088
     90      61  1.18271
     52      61  1.20835
     75      61  1.25029
     96      61  1.25233
     88      61  1.30328
    164      61  1.3046
    192      61  1.33259
     64      62  0.46058
     63      62  1.23595
     78      62  1.28531
     51      62  1.30723
     56      62  1.37058
    153      62  1.37304
     40      62  1.38785
    179      62  1.41976
    140      62  1.42905
     68      62  1.43978
    109      62  1.50539
     94      62  1.53055
     94      63  0.641197
     97      63  0.847712
     84      63  0.874668
     51      63  0.917236
     67      63  0.948655
    111      63  0.987021
     52      63  1.00094
    109      63  1.0035
     68      63  1.00483
     65      63  1.01319
     69      63  1.01606
     91      63  1.01843
     62      64  0.46058
     63      64  1.04602
     78      64  1.07323
     51      64  1.13468
    179      64  1.16393
    153      64  1.24155
    109      64  1.27795
     68      64  1.27876
     40      64  1.28766
    121      64  1.33717
     94      64  1.34454
    167      64  1.35182
     67      65  0.273246
    101      65  0.630324
     69      65  0.656555
     84      65  0.68773
     91      65  0.695877
    151      65  0.797449
    100      65  0.855648
     71      65  0.85704
     78      65  0.884207
    189      65  0.94906
     75      65  0.954086
    169      65  0.961288
     73      66  0.322333
     72      66  0.345632
    103      66  0.491152
     68      66  0.627843
    107      66  0.648851
    109      66  0.925041
     57      66  0.995059
     49      66  1.02397
     56      66  1.06522
     17      66  1.08968
     59      66  1.12002
     97      66  1.134
     65      67  0.273246
    101      67  0.606894
     84      67  0.709576
     69      67  0.742835
     78      67  0.74451
     91      67  0.748958
     71      67  0.860255
    109      67  0.860425
     68      67  0.871206
    189      67  0.889444
     70      67  0.905865
    151      67  0.911121
     72      68  0.582138
     66      68  0.627843
    109      68  0.645715
    107      68  0.671242
     73      68  0.693331
     78      68  0.745975
    103      68  0.823623
     70      68  0.862326
     67      68  0.871206
     57      68  0.931189
     63      68  1.00483
     59      68  1.01916
     91      69  0.444644
    100      69  0.50997
     84      69  0.543488
     75      69  0.625721
     65      69  0.656555
    151      69  0.686924
     67      69  0.742835
     92      69  0.75243
     94      69  0.822128
     58      69  0.836288
    178      69  0.837895
    101      69  0.860594
     78      70  0.527914
     68      70  0.862326
     67      70  0.905865
     57      70  0.924834
     60      70  0.928609
    102      70  0.958797
    109      70  1.00518
     65      70  1.02342
     71      70  1.04272
    189      70  1.07177
     59      70  1.08369
    107      70  1.12222
     65      71  0.85704
     67      71  0.860255
     84      71  0.881359
     78      71  0.883807
    167      71  0.960488
     91      71  0.992676
    151      71  1.01438
     70      71  1.04272
    187      71  1.06763
    185      71  1.09224
     69      71  1.10601
    189      71  1.15016
     73      72  0.225686
     66      72  0.345632
    103      72  0.473553
     68      72  0.582138
    107      72  0.671287
    109      72  0.878729
     17      72  0.981842
     57      72  1.03119
     97      72  1.04966
     59      72  1.06915
     49      72  1.08842
    101      72  1.09015
     72      73  0.225686
     66      73  0.322333
    103      73  0.424146
     68      73  0.693331
    107      73  0.707341
    109      73  0.960936
     49      73  1.00525
     17      73  1.0193
     57      73  1.05441
     97      73  1.1011
     59      73  1.11394
     56      73  1.1447
     77      74  0.684895
     55      74  0.880879
    104      74  0.961216
     54      74  1.01188
    166      74  1.02684
     80      74  1.02953
     75      74  1.03105
     53      74  1.04074
    175      74  1.13928
     99      74  1.15206
    182      74  1.15349
     98      74  1.19958
     95      75  0.591676
     69      75  0.625721
    100      75  0.698061
     90      75  0.703984
     97      75  0.790398
     91      75  0.827674
    174      75  0.838473
    178      75  0.845305
     94      75  0.861809
    101      75  0.888891
     52      75  0.91892
     84      75  0.929569
     82      76  0.515727
    305      76  1.19548
    244      76  1.33973
    218      76  1.35506
     79      76  1.37083
     61      76  1.40684
      6      76  1.43625
     73      76  1.48288
    152      76  1.48333
    106      76  1.48753
     72      76  1.5021
    180      76  1.53408
     74      77  0.684895
     55      77  0.704181
    166      77  0.733281
     54      77  0.783009
     98      77  0.860353
     99      77  0.864988
    110      77  0.936721
     80      77  0.943559
     58      77  0.95527
    100      77  0.998484
     69      77  1.06507
     75      77  1.06665
     70      78  0.527914
     67      78  0.74451
     68      78  0.745975
    109      78  0.794202
     71      78  0.883807
     65      78  0.884207
     84      78  0.958653
    153      78  1.02163
     63      78  1.04172
     51      78  1.06686
     64      78  1.07323
    189      78  1.09258
     82      79  1.19935
     23      79  1.28653
    218      79  1.36952
     76      79  1.37083
     66      79  1.44847
    107      79  1.47795
     73      79  1.49613
     72      79  1.50662
    103      79  1.55096
   1696      79  1.55463
     68      79  1.58546
    140      79  1.61271
    166      80  0.854812
     77      80  0.943559
     74      80  1.02953
     54      80  1.04675
     55      80  1.09263
     58      80  1.15505
    302      80  1.19906
    195      80  1.21274
    100      80  1.2536
    298      80  1.25978
     75      80  1.26025
     90      80  1.26059
    106      81  0.555203
     96      81  0.63293
     61      81  0.821557
     50      81  0.923544
    152      81  1.07336
     88      81  1.0864
    184      81  1.1352
    192      81  1.17229
    293      81  1.18271
     35      81  1.18423
    176      81  1.22384
    121      81  1.25982
     76      82  0.515727
    305      82  1.13134
    218      82  1.13557
     79      82  1.19935
    152      82  1.20393
    106      82  1.26903
      6      82  1.27834
     61      82  1.34607
    244      82  1.35067
     81      82  1.38879
    161      82  1.40863
     72      82  1.41568
     92      83  0.680095
     58      83  0.870191
    165      83  1.00358
    181      83  1.03892
    100      83  1.05359
    151      83  1.05426
     47      83  1.05584
    105      83  1.11666
     98      83  1.18525
     48      83  1.22448
     69      83  1.23924
    270      83  1.25378
     91      84  0.414927
     69      84  0.543488
     65      84  0.68773
     67      84  0.709576
     94      84  0.741342
    151      84  0.7427
    163      84  0.858313
    100      84  0.858528
    111      84  0.859289
     63      84  0.874668
     71      84  0.881359
     75      84  0.929569
     89      85  1.39352
    282      85  1.45633
     14      85  1.47218
     80      85  1.5343
    172      85  1.59087
   1724      85  1.61681
    162      85  1.63202
    193      85  1.66766
   1684      85  1.67101
    175      85  1.68694
    195      85  1.69649
   1294      85  1.70005
     79      86  1.88206
     82      86  1.88521
     76      86  1.92052
    267      86  2.06397
    305      86  2.15582
    218      86  2.16569
    190      86  2.16871
    377      86  2.1817
      6      86  2.23281
    405      86  2.24898
     28      86  2.25461
     59      86  2.32563
    169      87  1.17559
    269      87  1.31654
    254      87  1.32066
    187      87  1.32634
    252      87  1.3598
    210      87  1.39576
    309      87  1.45072
     92      87  1.46494
     65      87  1.47813
    263      87  1.49248
     71      87  1.49337
    189      87  1.51029
    192      88  1.02538
     81      88  1.0864
    197      88  1.20763
     50      88  1.24614
    306      88  1.2677
     61      88  1.30328
     96      88  1.30505
    268      88  1.33224
    106      88  1.34312
    184      88  1.36205
     12      88  1.365
      9      88  1.39568
    172      89  0.76242
    175      89  0.999877
    193      89  1.22147
    183      89  1.30239
    272      89  1.32094
   1292      89  1.33644
    162      89  1.35824
    104      89  1.37565
    150      89  1.38345
     85      89  1.39352
    258      89  1.40736
    304      89  1.40936
     95      90  0.395826
     75      90  0.703984
    177      90  0.718568
    164      90  0.775896
    174      90  0.783774
    183      90  0.832713
    178      90  0.85825
    100      90  0.897414
    171      90  0.933375
     69      90  1.00439
    277      90  1.02139
    186      90  1.02323
     84      91  0.414927
     69      91  0.444644
    100      91  0.649336
     65      91  0.695877
     67      91  0.748958
    151      91  0.758162
     94      91  0.774388
     92      91  0.780284
     75      91  0.827674
    178      91  0.832186
    163      91  0.832731
    185      91  0.84724
    100      92  0.60845
     83      92  0.680095
     58      92  0.720342
     69      92  0.75243
    165      92  0.778478
     91      92  0.780284
    151      92  0.788976
    185      92  0.864775
     98      92  0.940187
    186      92  0.947365
     84      92  0.960976
     99      92  0.985173
     14      93  1.31919
    173      93  1.38835
    253      93  1.46321
    404      93  1.56103
    301      93  1.58296
    402      93  1.60046
   1690      93  1.61728
    273      93  1.62258
     11      93  1.78063
   1288      93  1.79145
     85      93  1.79903
   1952      93  1.80423
     97      94  0.430552
     63      94  0.641197
     84      94  0.741342
    111      94  0.762581
     91      94  0.774388
     69      94  0.822128
    104      94  0.861211
     75      94  0.861809
    178      94  0.862424
     52      94  0.902719
    163      94  0.946594
     67      94  0.983595
     90      95  0.395826
     75      95  0.591676
    177      95  0.694538
    164      95  0.739754
    174      95  0.742524
    178      95  0.761057
    100      95  0.779475
    183      95  0.813298
     69      95  0.881027
     97      95  0.934889
    186      95  0.940874
    196      95  0.958148
    106      96  0.448553
     81      96  0.63293
    121      96  0.931882
    176      96  0.941193
    293      96  0.96311
    152      96  0.989705
    201      96  1.10758
    184      96  1.13691
     50      96  1.15757
     63      96  1.1765
    268      96  1.1862
     16      96  1.2461
     94      97  0.430552
     75      97  0.790398
    104      97  0.80984
     52      97  0.843466
     63      97  0.847712
    178      97  0.880879
    174      97  0.908315
     95      97  0.934889
    111      97  0.974934
     69      97  0.988764
     91      97  1.0203
     84      97  1.03107
     99      98  0.243706
     77      98  0.860353
    168      98  0.893206
    100      98  0.905704
    182      98  0.922986
     92      98  0.940187
     58      98  0.944243
     69      98  0.982328
    198      98  0.991785
     91      98  1.01497
    104      98  1.0603
    166      98  1.06551
     98      99  0.243706
    168      99  0.792157
    182      99  0.823819
     77      99  0.864988
    100      99  0.888597
     69      99  0.947
    104      99  0.949611
    198      99  0.950809
     58      99  0.975013
     92      99  0.985173
     91      99  0.985937
    286      99  1.01544
     69     100  0.50997
     92     100  0.60845
     91     100  0.649336
     75     100  0.698061
     58     100  0.713898
     95     100  0.779475
    165     100  0.800845
    151     100  0.813307
    178     100  0.820283
     65     100  0.855648
     84     100  0.858528
    101     100  0.873727
     67     101  0.606894
     65     101  0.630324
    188     101  0.703241
     69     101  0.860594
    100     101  0.873727
     75     101  0.888891
    189     101  0.898613
    169     101  0.90057
     91     101  0.919413
     17     101  0.931445
    187     101  0.965096
    109     101  0.971204
    189     102  0.916003
     70     102  0.958797
    187     102  0.973205
    289     102  1.10501
     57     102  1.10865
     67     102  1.13342
     65     102  1.13677
    101     102  1.13956
    296     102  1.15246
    169     102  1.15577
     60     102  1.16068
     78     102  1.22934
     73     103  0.424146
     72     103  0.473553
     66     103  0.491152
    107     103  0.608336
     68     103  0.823623
     49     103  0.942809
    109     103  0.949084
    180     103  1.01434
     57     103  1.0619
     17     103  1.15277
    101     103  1.16811
    249     103  1.19512
    168     104  0.777945
     97     104  0.80984
    182     104  0.812077
     53     104  0.82018
    175     104  0.844959
     94     104  0.861211
     99     104  0.949611
     75     104  0.954457
     74     104  0.961216
    174     104  0.990054
    178     104  0.9908
    299     104  1.03049
    166     105  0.971386
    108     105  0.998184
    202     105  1.10232
     83     105  1.11666
     77     105  1.11964
     54     105  1.12371
    208     105  1.16014
    173     105  1.16558
    301     105  1.19405
     58     105  1.1975
    278     105  1.21381
     98     105  1.22534
     96     106  0.448553
     81     106  0.555203
    293     106  0.883868
    176     106  0.910421
    152     106  0.961016
    184     106  1.00713
     50     106  1.01021
    121     106  1.022
    201     106  1.05148
     61     106  1.06669
    261     106  1.12621
    268     106  1.14066
    103     107  0.608336
     66     107  0.648851
     68     107  0.671242
     72     107  0.671287
     73     107  0.707341
    109     107  0.800135
     57     107  0.967396
     78     107  1.10929
     60     107  1.11018
     15     107  1.11882
     70     107  1.12222
     56     107  1.16098
    202     108  0.895398
    105     108  0.998184
    208     108  1.15558
    173     108  1.37904
     83     108  1.44783
   1536     108  1.47789
     98     108  1.49131
    198     108  1.50268
    206     108  1.51693
    110     108  1.52721
    301     108  1.53326
     99     108  1.56253
     68     109  0.645715
     78     109  0.794202
    107     109  0.800135
     67     109  0.860425
     72     109  0.878729
     66     109  0.925041
    111     109  0.925964
    161     109  0.931593
    188     109  0.942858
     51     109  0.944276
    103     109  0.949084
     73     109  0.960936
     77     110  0.936721
     55     110  0.988375
    166     110  1.00863
    168     110  1.0304
    198     110  1.04006
    287     110  1.04252
     54     110  1.06162
    399     110  1.08087
    288     110  1.10077
     98     110  1.13456
     99     110  1.1359
     91     110  1.15693
    163     111  0.637336
     94     111  0.762581
     84     111  0.859289
    109     111  0.925964
     91     111  0.932542
     97     111  0.974934
     63     111  0.987021
    168     111  0.993179
     69     111  0.998438
    178     111  1.00695
     51     111  1.00864
    303     111  1.02866
     99     112  1.0407
    168     112  1.04618
    182     112  1.11214
     98     112  1.12279
    223     112  1.15689
    104     112  1.18557
    395     112  1.18988
     53     112  1.22177
    198     112  1.2348
    237     112  1.27854
    299     112  1.28272
    206     112  1.32109
   1716     113  1.7243
    318     113  1.7758
   1714     113  1.81582
    317     113  1.83128
    395     113  1.87389
    154     113  1.91072
   1700     113  1.98431
   1551     113  2.02246
   1702     113  2.04859
   1291     113  2.05442
   1536     113  2.06371
   1542     113  2.06669
    120     114  1.74988
    119     114  1.76154
    319     114  1.84429
   1541     114  1.91368
    159     114  1.95248
   1706     114  1.96159
   1710     114  1.99878
    157     114  2.01149
    320     114  2.0199
    135     114  2.02701
    156     114  2.04011
    116     114  2.04669
    119     115  1.66663
    116     115  1.9425
    117     115  1.97136
    114     115  2.08382
   1541     115  2.14965
    118     115  2.37143
    319     115  2.38779
   1432     115  2.48494
    120     115  2.48695
   1631     115  2.49192
    136     115  2.49491
   1459     115  2.50768
    117     116  0.855028
    119     116  0.874659
    118     116  0.896205
    115     116  1.9425
    114     116  2.04669
    135     116  2.24066
   1636     116  2.34528
    136     116  2.36776
    771     116  2.39005
   1442     116  2.40181
   1635     116  2.47962
   1631     116  2.51441
    116     117  0.855028
    118     117  0.857408
    119     117  1.23383
    115     117  1.97136
    773     117  2.34472
   1442     117  2.38512
    114     117  2.39985
   1438     117  2.4535
    135     117  2.50103
   1441     117  2.50107
    136     117  2.53316
    771     117  2.55306
    117     118  0.857408
    116     118  0.896205
    119     118  1.16626
    115     118  2.37143
    114     118  2.41837
    773     118  2.43618
    135     118  2.46207
   1442     118  2.47711
   1438     118  2.50197
   1636     118  2.5759
    771     118  2.59462
    136     118  2.59663
    116     119  0.874659
    118     119  1.16626
    117     119  1.23383
    115     119  1.66663
    114     119  1.76154
    135     119  2.06627
    136     119  2.15359
   1636     119  2.20309
   1459     119  2.30695
    771     119  2.32878
   1432     119  2.33312
    319     119  2.33925
    137     120  1.26477
    158     120  1.52516
   1543     120  1.54056
    133     120  1.56731
   1540     120  1.58528
    154     120  1.60729
   1707     120  1.67631
    136     120  1.72159
   1718     120  1.7329
   1542     120  1.74313
    114     120  1.74988
   1712     120  1.76002
     16     121  0.88624
     96     121  0.931882
    106     121  1.022
     40     121  1.03346
    152     121  1.05764
    179     121  1.12699
    176     121  1.23913
     81     121  1.25982
     63     121  1.3069
     64     121  1.33717
    201     121  1.36179
    293     121  1.36636
    147     122  1.23558
    338     122  1.26193
    336     122  1.41168
    146     122  1.45815
    332     122  1.52973
   1300     122  1.53058
    131     122  1.5338
    348     122  1.54968
   1583     122  1.555
    350     122  1.60828
   1731     122  1.61118
   1524     122  1.61291
    129     123  1.0229
    130     123  1.61708
    146     123  1.75076
    124     123  1.88591
   1671     123  1.88594
    144     123  1.91065
   1811     123  1.92958
   1592     123  1.97402
   1591     123  1.97946
   1595     123  1.99619
   1590     123  2.01776
   1587     123  2.03862
    129     124  1.40156
    127     124  1.44771
    125     124  1.67228
    123     124  1.88591
   1597     124  2.04245
   1595     124  2.0628
   1598     124  2.12701
   1592     124  2.14465
   1596     124  2.14808
    126     124  2.31116
   1591     124  2.3937
   1604     124  2.42424
    127     125  1.61962
    124     125  1.67228
    129     125  1.81449
    126     125  1.9257
   1597     125  2.16567
    123     125  2.2588
   1596     125  2.31357
   1595     125  2.3385
   1604     125  2.34982
   1602     125  2.40846
   1592     125  2.41391
   1598     125  2.44464
    125     126  1.9257
    127     126  2.04562
    124     126  2.31116
    129     126  2.46502
   1598     126  2.47984
   1596     126  2.51792
   1595     126  2.52704
   1602     126  2.55855
   1605     126  2.5799
   1597     126  2.5902
   1590     126  2.60291
   1604     126  2.60755
    124     127  1.44771
    125     127  1.61962
    126     127  2.04562
    129     127  2.16176
   1597     127  2.42798
   1602     127  2.42926
   1596     127  2.44608
   1604     127  2.46349
   1598     127  2.47682
   1595     127  2.59877
   1606     127  2.61892
   1599     127  2.66845
   1607     128  2.43479
   1853     128  2.63224
    126     128  2.64704
   1599     128  2.66344
   1603     128  2.67099
   1601     128  2.67678
   1594     128  2.73841
   1656     128  2.7397
    125     128  2.74482
   1661     128  2.76674
   1605     128  2.78384
   1600     128  2.80397
    123     129  1.0229
    124     129  1.40156
   1595     129  1.6491
   1590     129  1.77734
   1591     129  1.77964
    125     129  1.81449
    130     129  1.84548
   1592     129  1.85143
   1671     129  1.85842
   1597     129  1.88666
    145     129  1.91556
   1587     129  1.92032
    144     130  1.22055
    146     130  1.22453
    147     130  1.27524
   1675     130  1.58678
    123     130  1.61708
    143     130  1.7731
    338     130  1.80056
    129     130  1.84548
   1587     130  1.89974
   1811     130  1.92435
   1671     130  1.94476
    145     130  1.94971
    141     131  0.764746
    142     131  1.14151
    149     131  1.32416
   1319     131  1.46089
   1269     131  1.47821
   1527     131  1.47887
   1525     131  1.48181
   1272     131  1.4979
    122     131  1.5338
   1300     131  1.55508
   1271     131  1.56822
   1582     131  1.59766
     23     132  2.05652
     79     132  2.1181
   1696     132  2.16722
    245     132  2.17622
   1761     132  2.18148
     40     132  2.23647
     16     132  2.31932
     62     132  2.33075
   1281     132  2.35323
   1693     132  2.37464
   1284     132  2.38264
    134     132  2.39929
    154     133  0.797507
    158     133  1.41169
   1718     133  1.45138
    120     133  1.56731
    110     133  1.5852
